const20: 17.30979431606829: f
i32.le_s: 875.796721374616: f
i32.ge_s: 66.91858602315187: f
i32.le_u: 68.1307877805084: f
i32.ge_u: 94.41721043922007: f
i32.eq: 123.62571464851499: f
i32.ne: 287.4038596767932: f
