i32.clz: 2.048829346895218: n
i32.ctz: 1.9468586836010218: n
i32.popcnt: 2.4737371671944857: n
i32.lt_s: 3.090524647384882: f
i32.le_s: 2.4271803703159094: n
i32.gt_s: 3.0735731068998575: f
i32.ge_s: 2.3117155227810144: n
i32.lt_u: 3.0429389849305153: f
i32.le_u: 2.8125867564231157: n
i32.gt_u: 2.3760044928640127: f
i32.ge_u: 2.9547484796494246: n
i32.eq: 2.23099135607481: n
i32.ne: 2.6196567695587873: n
i32.add: 2.7541970796883106: f
i32.sub: 2.0139550659805536: f
i32.mul: 1.9817811585962772: n
i32.div_s: 1.9048387631773949: n
i32.div_u: 2.7875902466475964: n
i32.rem_s: 2.784334124997258: n
i32.rem_u: 2.941641939803958: n
i32.and_: 2.8620883841067553: f
i32.or_: 2.783542713150382: f
i32.xor: 2.6413407661020756: f
i32.shl: 2.485022122040391: f
i32.shr_s: 1.569555401802063: f
i32.shr_l: 2.0371204260736704: f
