const20: 17.43048422038555: f
i32.le_s: 123.5936637558043: f
i32.ge_s: 103.9041723497212: f
i32.le_u: 113.79417293518782: f
i32.ge_u: 118.69786911457777: f
i32.eq: 95.18266565911472: f
i32.ne: 175.99903463944793: f
