i32.clz: 2.034549731761217: n
i32.ctz: 2.0560988169163465: n
i32.popcnt: 4.118535054847598: n
i32.lt_s: 9.568813441321254: f
i32.le_s: 4.701825857162476: n
i32.gt_s: 5.268417123705149: f
i32.ge_s: 9.631049305200577: n
i32.lt_u: 7.741767996922135: f
i32.le_u: 5.979777110740542: n
i32.gt_u: 8.64163657464087: f
i32.ge_u: 4.808731473982334: n
i32.eq: 4.289713650941849: n
i32.ne: 5.052390996366739: n
i32.add: 5.048331206664443: f
i32.sub: 4.705806467682123: f
i32.mul: 3.520743999630213: n
i32.div_s: 3.12328783236444: n
i32.div_u: 4.1966330874711275: n
i32.rem_s: 5.075578976422548: n
i32.rem_u: 5.148432958871126: n
i32.and_: 9.972612215206027: f
i32.or_: 6.056704703718424: f
i32.xor: 6.872960865497589: f
i32.shl: 5.120835028588772: f
i32.shr_s: 9.07731493189931: f
i32.shr_l: 7.215570477768779: f
