i32.clz: 2.206242011860013: n
i32.ctz: 2.0980883184820414: n
i32.popcnt: 3.904818469658494: n
i32.lt_s: 6.531809248030186: f
i32.le_s: 4.9149058647453785: n
i32.gt_s: 8.008529927581549: f
i32.ge_s: 4.803764307871461: n
i32.lt_u: 7.807159749791026: f
i32.le_u: 5.064444666728377: n
i32.gt_u: 7.166206743568182: f
i32.ge_u: 6.016573011875153: n
i32.eq: 4.995060181245208: n
i32.ne: 6.282817484810948: n
i32.add: 4.886779222637415: f
i32.sub: 4.768099496141076: f
i32.mul: 3.564075181260705: n
i32.div_s: 3.2415325194597244: n
i32.div_u: 4.6530328169465065: n
i32.rem_s: 5.773205200210214: n
i32.rem_u: 5.613897243514657: n
i32.and_: 6.124003326520324: f
i32.or_: 4.7895751763135195: f
i32.xor: 6.191747134551406: f
i32.shl: 7.918049471452832: f
i32.shr_s: 9.732797406613827: f
i32.shr_l: 7.690198142081499: f
