const20: 15.941907525062561: f
i32.eq: 90.5558594726026: f
i32.ne: 99.1579270772636: f
i32.le_s: 150.9462044071406: f
i32.le_u: 176.4893107842654: f
i32.ge_s: 57.61783535219729: f
i32.ge_u: 102.16924429871142: f
