i32.clz: 2.455722074955702: n
i32.ctz: 1.863584103062749: n
i32.popcnt: 3.647903772071004: n
i32.lt_s: 2.976194255053997: f
i32.le_s: 2.643023604527116: n
i32.gt_s: 3.151087697595358: f
i32.ge_s: 2.7567525282502174: n
i32.lt_u: 3.2595676723867655: f
i32.le_u: 2.6852570604532957: n
i32.gt_u: 3.1264847312122583: f
i32.ge_u: 2.371744779869914: n
i32.eq: 2.951001660898328: n
i32.ne: 3.1360526382923126: n
i32.add: 1.9268470667302608: f
i32.sub: 2.138636413961649: f
i32.mul: 1.9550560973584652: n
i32.div_s: 1.8724537454545498: n
i32.div_u: 2.3648338560014963: n
i32.rem_s: 2.7312820497900248: n
i32.rem_u: 2.871261402964592: n
i32.and_: 2.816431824117899: f
i32.or_: 3.049888836219907: f
i32.xor: 4.082342887297273: f
i32.shl: 2.5147706381976604: f
i32.shr_s: 2.04734568297863: f
i32.shr_l: 2.5233786832541227: f
