const0: 1.7850148603320122: f
const1: 1.9968023225665092: f
constn1: 1.858505031093955: f
const12: 0.9838851857930422: f
