const20: 17.66063517704606: f
i32.le_s: 77.90667515620589: f
i32.ge_s: 81.25801133364439: f
i32.le_u: 90.09582778066397: f
i32.ge_u: 53.35160585492849: f
i32.eq: 87.27445706166327: f
i32.ne: 58.790033262223005: f
