const0: 2.245403915643692: f
const1: 1.765056300908327: f
constn1: 1.8017336837947369: f
const12: 1.0003771968185902: f
