const0: 1.6164563931524754: f
const1: 1.6280619855970144: f
constn1: 1.6042894776910543: f
const12: 1.0562046486884356: f
i32.select: 0.4725729878991842: n
i32.lt_s: 2.889437463134527: f
i32.gt_s: 2.909528998658061: f
i32.lt_u: 3.3373564947396517: f
i32.gt_u: 3.2946036998182535: f
i32.add: 2.3857687432318926: f
i32.sub: 4.712395226582885: f
i32.and_: 2.1012379862368107: f
i32.or_: 2.750037483870983: f
i32.xor: 2.4988755956292152: f
i32.shl: 2.580053448677063: f
i32.shr_s: 2.5045406725257635: f
i32.shr_u: 2.4377448484301567: f
