const0: 1.6226700823754072: f
const1: 2.0338262375444174: f
constn1: 1.6134335547685623: f
const12: 1.0052080117166042: f
i32.select: 0.4822507668286562: n
i32.lt_s: 3.335880598053336: f
i32.gt_s: 3.4204604905098677: f
i32.lt_u: 3.1898362394422293: f
i32.gt_u: 2.120962357148528: f
i32.add: 1.9480787832289934: f
i32.sub: 2.393801398575306: f
i32.and_: 3.0037028715014458: f
i32.or_: 2.6883928421884775: f
i32.xor: 3.8253698982298374: f
i32.shl: 2.1032434087246656: f
i32.shr_s: 3.0287387296557426: f
i32.shr_u: 2.5461163129657507: f
