const20: 16.515398608520627: f
i32.le_s: 182.2255664858967: f
i32.ge_s: 141.4770220257342: f
i32.le_u: 143.56043736077845: f
i32.ge_u: 86.80123928003013: f
i32.eq: 76.04129373654723: f
i32.ne: 78.5145859234035: f
