const20: 17.121690820902586: f
i32.eq: 83.39807343110442: f
i32.ne: 143.0625512264669: f
i32.le_s: 66.78493429720402: f
i32.le_u: 89.5236250590533: f
i32.ge_s: 75.10430811531842: f
i32.ge_u: 125.78519590944052: f
