const0: 1.618260646238923: f
const1: 1.602445473894477: f
constn1: 1.6035562790930271: f
const12: 0.9522119555622339: f
i32.select: 0.47113012708723545: n
i32.lt_s: 2.7915521506220102: f
i32.gt_s: 2.496089057996869: f
i32.lt_u: 2.8086231518536806: f
i32.gt_u: 3.252273974940181: f
i32.add: 2.3760141599923372: f
i32.sub: 2.400307223200798: f
i32.and_: 2.093876702710986: f
i32.or_: 2.6021663956344128: f
i32.xor: 2.8010673988610506: f
i32.shl: 4.86479214578867: f
i32.shr_s: 2.100145747885108: f
i32.shr_u: 2.0797342974692583: f
