const0: 1.6037353407591581: f
const1: 1.9901205487549305: f
constn1: 1.5915353242307901: f
const12: 0.9851217083632946: f
i32.select: 0.47534584254026413: n
i32.lt_s: 2.5278391111642122: f
i32.gt_s: 2.8198203928768635: f
i32.lt_u: 2.950912196189165: f
i32.gt_u: 4.7801144775003195: f
i32.add: 2.4618503525853157: f
i32.sub: 2.4553395807743073: f
i32.and_: 2.08019813336432: f
i32.or_: 2.6355543099343777: f
i32.xor: 2.4468605536967516: f
i32.shl: 2.043040841817856: f
i32.shr_s: 2.0839300882071257: f
i32.shr_u: 2.4360169284045696: f
