const0: 1.8259534183889627: f
const1: 1.7586082387715578: f
constn1: 1.7170390654355288: f
const12: 1.0937350019812584: f
