i32.clz: 1.8535613808780909: n
i32.ctz: 1.8848410826176405: n
i32.popcnt: 3.071651577949524: n
i32.lt_s: 2.9390345346182585: f
i32.le_s: 2.699538132175803: n
i32.gt_s: 2.0045073609799147: f
i32.ge_s: 3.9924329072237015: n
i32.lt_u: 2.8155781980603933: f
i32.le_u: 2.295453639701009: n
i32.gt_u: 3.269431861117482: f
i32.ge_u: 2.3144831750541925: n
i32.eq: 3.042999567463994: n
i32.ne: 2.5789924692362547: n
i32.add: 1.9267806056886911: f
i32.sub: 2.3888268135488033: f
i32.mul: 1.9566026739776134: n
i32.div_s: 1.850559063255787: n
i32.div_u: 2.3759301248937845: n
i32.rem_s: 2.7772412449121475: n
i32.rem_u: 2.8386257383972406: n
i32.and_: 4.442118905484676: f
i32.or_: 2.8146952632814646: f
i32.xor: 2.715720782056451: f
i32.shl: 2.0373972430825233: f
i32.shr_s: 2.0287498645484447: f
i32.shr_l: 2.327423242852092: f
