const20: 15.876850323751569: f
i32.le_s: 152.10564656369388: f
i32.ge_s: 67.04267323575914: f
i32.le_u: 88.23399313725531: f
i32.ge_u: 77.46235509775579: f
i32.eq: 102.07294656336308: f
i32.ne: 83.4064210485667: f
