const20: 15.881850676611066: f
i32.eq: 83.782913999632: f
i32.ne: 112.59864543750882: f
i32.le_s: 100.60023629665375: f
i32.le_u: 99.02710274793208: f
i32.ge_s: 111.28333610109985: f
i32.ge_u: 170.9683107174933: f
