const0: 1.6063629426062107: f
const1: 1.6022763885557652: f
constn1: 1.6141870263963938: f
const12: 0.9756216462701559: f
i32.select: 0.47229468636214733: n
i32.lt_s: 2.871818531304598: f
i32.gt_s: 3.8478910103440285: f
i32.lt_u: 3.3394278436899185: f
i32.gt_u: 2.560203790664673: f
i32.add: 2.4204816166311502: f
i32.sub: 2.454267742112279: f
i32.and_: 5.966700905933976: f
i32.or_: 2.7787927482277155: f
i32.xor: 2.8975123297423124: f
i32.shl: 2.5378652662038803: f
i32.shr_s: 2.0528177712112665: f
i32.shr_u: 2.4949138443917036: f
