i32.clz: 2.0409588888287544: n
i32.ctz: 1.9853938054293394: n
i32.popcnt: 4.116357207298279: n
i32.lt_s: 6.204741265624762: f
i32.le_s: 4.653442157432437: n
i32.gt_s: 6.385870905593038: f
i32.ge_s: 7.774221673607826: n
i32.lt_u: 8.114837987348437: f
i32.le_u: 4.758227646350861: n
i32.gt_u: 6.686104767024517: f
i32.ge_u: 6.20177043415606: n
i32.eq: 5.309474779292941: n
i32.ne: 9.605678666383028: n
i32.add: 3.6627456843852997: f
i32.sub: 4.459220493212342: f
i32.mul: 3.5498114712536335: n
i32.div_s: 3.006778284907341: n
i32.div_u: 4.059246012941003: n
i32.rem_s: 6.49335615709424: n
i32.rem_u: 5.461641289293766: n
i32.and_: 5.187294274568558: f
i32.or_: 5.476403292268515: f
i32.xor: 7.0128766149282455: f
i32.shl: 6.991408243775368: f
i32.shr_s: 6.8766215443611145: f
i32.shr_l: 9.59551665186882: f
