const0: 1.8344591725617647: f
const1: 1.7385050505399704: f
constn1: 1.6910712867975235: f
const12: 1.0806399639695883: f
i32.select: 0.4909130949527025: n
i32.lt_s: 3.1127314288169146: f
i32.gt_s: 3.6033267863094807: f
i32.lt_u: 3.2452291380614042: f
i32.gt_u: 3.5655344426631927: f
i32.add: 2.4354894999414682: f
i32.sub: 3.195329835638404: f
i32.and_: 2.86878596059978: f
i32.or_: 2.5904143564403057: f
i32.xor: 2.8773739486932755: f
i32.shl: 2.9183487873524427: f
i32.shr_s: 3.100290896371007: f
i32.shr_u: 2.8774435445666313: f
