i32.clz: 3.7211950179189444: n
i32.ctz: 3.653118100017309: n
i32.popcnt: 4.114460980519652: n
i32.lt_s: 7.110138805583119: f
i32.le_s: 7.13973181694746: n
i32.gt_s: 10.033651415258646: f
i32.ge_s: 7.236714595928788: n
i32.lt_u: 8.95001358911395: f
i32.le_u: 6.908339152112603: n
i32.gt_u: 7.118777256458998: f
i32.ge_u: 7.001219967380166: n
i32.eq: 6.8633275255560875: n
i32.ne: 8.180300768464804: n
i32.add: 5.253014985471964: f
i32.sub: 5.584886711090803: f
i32.mul: 7.755200704559684: n
i32.div_s: 3.756718125194311: n
i32.div_u: 5.696096384897828: n
i32.rem_s: 11.686341095715761: n
i32.rem_u: 5.676822287961841: n
i32.and_: 7.995879167690873: f
i32.or_: 7.09396243467927: f
i32.xor: 7.601990144699812: f
i32.shl: 6.084504118189216: f
i32.shr_s: 7.772993287071586: f
i32.shr_l: 9.722949279472232: f
