i32.clz: 3.9512641429901123: n
i32.ctz: 3.9332837648689747: n
i32.popcnt: 5.514440888538957: n
i32.lt_s: 15.38937951438129: f
i32.le_s: 7.493040926754475: n
i32.gt_s: 22.672926668077707: f
i32.ge_s: 5.688715014606714: n
i32.lt_u: 9.76263252273202: f
i32.le_u: 5.9007700476795435: n
i32.gt_u: 7.5002624951303005: f
i32.ge_u: 5.783613983541727: n
i32.eq: 6.4851049948483706: n
i32.ne: 9.107317201793194: n
i32.add: 4.740812512114644: f
i32.sub: 8.459087459370494: f
i32.mul: 6.0989857986569405: n
i32.div_s: 6.204720575362444: n
i32.div_u: 6.510574787855148: n
i32.rem_s: 11.013911500573158: n
i32.rem_u: 6.176658932119608: n
i32.and_: 7.674464022740722: f
i32.or_: 7.480440307408571: f
i32.xor: 7.861426588147879: f
i32.shl: 6.494667708873749: f
i32.shr_s: 8.292942382395267: f
i32.shr_l: 10.585755549371243: f
