i32.clz: 4.346735052764416: n
i32.ctz: 4.607803648337722: n
i32.popcnt: 6.726883385330439: n
i32.lt_s: 20.841762648895383: f
i32.le_s: 10.177747515961528: n
i32.gt_s: 14.512670073658228: f
i32.ge_s: 14.341523621231318: n
i32.lt_u: 17.447712199762464: f
i32.le_u: 13.913899274542928: n
i32.gt_u: 13.272687247022986: f
i32.ge_u: 9.686453165486455: n
i32.eq: 12.652368573471904: n
i32.ne: 20.983423789963126: n
i32.add: 10.484194139018655: f
i32.sub: 9.79877788387239: f
i32.mul: 10.728251980617642: n
i32.div_s: 7.569339228793979: n
i32.div_u: 10.55378888361156: n
i32.rem_s: 20.585363475605845: n
i32.rem_u: 11.945154504850507: n
i32.and_: 10.526855370029807: f
i32.or_: 9.757808681577444: f
i32.xor: 17.711239375174046: f
i32.shl: 8.385400542989373: f
i32.shr_s: 11.005595790222287: f
i32.shr_l: 21.963691545650363: f
