i32.clz: 5.445659918710589: n
i32.ctz: 5.087147023528814: n
i32.popcnt: 7.447629563510418: n
i32.lt_s: 21.056092359125614: f
i32.le_s: 16.43442996405065: n
i32.gt_s: 20.626935996115208: f
i32.ge_s: 15.903490386903286: n
i32.lt_u: 19.332868488505483: f
i32.le_u: 13.522857554256916: n
i32.gt_u: 14.360548872500658: f
i32.ge_u: 11.160067897289991: n
i32.eq: 20.73872165568173: n
i32.ne: 15.729916252195835: n
i32.add: 7.571908412501216: f
i32.sub: 9.213441375643015: f
i32.mul: 14.310426630079746: n
i32.div_s: 6.201261460781097: n
i32.div_u: 11.178084971383214: n
i32.rem_s: 22.44090050086379: n
i32.rem_u: 11.102998200803995: n
i32.and_: 17.226545380428433: f
i32.or_: 10.726787017658353: f
i32.xor: 18.845866303890944: f
i32.shl: 8.969705132767558: f
i32.shr_s: 16.961862264201045: f
i32.shr_l: 21.55072203464806: f
