i32.clz: 5.333315083757043: n
i32.ctz: 3.8139317091554403: n
i32.popcnt: 6.100668475031853: n
i32.lt_s: 51.34503489919007: n
i32.le_s: 14.588286601006985: n
i32.gt_s: 13.367746802046895: f
i32.ge_s: 14.344453159719706: n
i32.lt_u: 12.45790527202189: f
i32.le_u: 12.315297605469823: n
i32.gt_u: 17.44514675438404: f
i32.ge_u: 9.511591978371143: n
i32.eq: 15.069533448666334: n
i32.ne: 20.66891986876726: n
i32.add: 6.689153168350458: f
i32.sub: 8.869967762380838: f
i32.mul: 14.610764991492033: n
i32.div_s: 5.561920825392008: n
i32.div_u: 10.30389522947371: n
i32.rem_s: 20.89385868795216: n
i32.rem_u: 10.699006464332342: n
i32.and_: 9.485524911433458: f
i32.or_: 9.761334041133523: f
i32.xor: 18.86365246400237: f
i32.shl: 10.695675130933523: f
i32.shr_s: 15.445377821102738: f
i32.shr_l: 17.23050561733544: f
