i32.clz: 4.678144467994571: n
i32.ctz: 5.02371727861464: n
i32.popcnt: 7.317007509991527: n
i32.lt_s: 14.920875642448664: f
i32.le_s: 15.321624659001827: n
i32.gt_s: 12.701055366545916: f
i32.ge_s: 10.22744469344616: n
i32.lt_u: 13.064366744831204: f
i32.le_u: 10.229183150455356: n
i32.gt_u: 18.209431782364845: f
i32.ge_u: 10.709076158702374: n
i32.eq: 13.004250263795257: n
i32.ne: 11.8658482786268: n
i32.add: 7.1510257832705975: f
i32.sub: 10.011158481240273: f
i32.mul: 15.067801812663674: n
i32.div_s: 5.982964180409908: n
i32.div_u: 10.687245605513453: n
i32.rem_s: 21.203979892656207: n
i32.rem_u: 11.431255044415593: n
i32.and_: 11.131727684289217: f
i32.or_: 11.781648524105549: f
i32.xor: 13.412089535966516: f
i32.shl: 8.43735789321363: f
i32.shr_s: 16.26572352088988: f
i32.shr_l: 15.625902198255062: f
