i32.clz: 4.328634850680828: n
i32.ctz: 3.8939674217253923: n
i32.popcnt: 5.952398667111993: n
i32.lt_s: 18.19352021627128: f
i32.le_s: 9.033945374190807: n
i32.gt_s: 13.752563016489148: f
i32.ge_s: 9.098910931497812: n
i32.lt_u: 22.5918846167624: f
i32.le_u: 9.253477144986391: n
i32.gt_u: 20.705811444669962: f
i32.ge_u: 10.306421594694257: n
i32.eq: 12.01682792045176: n
i32.ne: 15.205840596929193: n
i32.add: 7.3174864407628775: f
i32.sub: 13.584471125155687: f
i32.mul: 13.061737731099129: n
i32.div_s: 5.277714170515537: n
i32.div_u: 9.82695460319519: n
i32.rem_s: 22.761633904650807: n
i32.rem_u: 11.24003916978836: n
i32.and_: 9.54442722722888: f
i32.or_: 11.277309795841575: f
i32.xor: 14.365166030824184: f
i32.shl: 13.96325690485537: f
i32.shr_s: 10.763327984139323: f
i32.shr_l: 15.471244413405657: f
