i32.clz: 4.875737231224775: n
i32.ctz: 5.799384441226721: n
i32.popcnt: 10.655852848663926: n
i32.lt_s: 19.748476058244705: f
i32.le_s: 10.275486372411251: n
i32.gt_s: 15.508492711931467: f
i32.ge_s: 9.989715313538909: n
i32.lt_u: 21.919391371309757: f
i32.le_u: 12.505546815693378: n
i32.gt_u: 13.450918447226286: f
i32.ge_u: 10.59211279451847: n
i32.eq: 13.099587375298142: n
i32.ne: 14.440407939255238: n
i32.add: 8.873801585286856: f
i32.sub: 6.472160656005144: f
i32.mul: 14.831119915470481: n
i32.div_s: 5.8837231285870075: n
i32.div_u: 12.901066109538078: n
i32.rem_s: 22.1445577647537: n
i32.rem_u: 12.071441007778049: n
i32.and_: 12.15336550027132: f
i32.or_: 10.020873440429568: f
i32.xor: 14.058653743937612: f
i32.shl: 13.491159139201045: f
i32.shr_s: 16.505445579066873: f
i32.shr_l: 20.70799980312586: f
