i32.clz: 5.520897792652249: n
i32.ctz: 3.278403777629137: n
i32.popcnt: 6.5950059201568365: n
i32.lt_s: 7.20099962502718: f
i32.le_s: 4.941671513020992: n
i32.gt_s: 11.492219556123018: f
i32.ge_s: 6.785155823454261: n
i32.lt_u: 14.72877025231719: f
i32.le_u: 4.928484324365854: n
i32.gt_u: 8.618913488462567: f
i32.ge_u: 4.94708345644176: n
i32.eq: 5.545081712305546: n
i32.ne: 9.48847234249115: n
i32.add: 5.4090443048626184: f
i32.sub: 3.837132155895233: f
i32.mul: 5.404938384890556: n
i32.div_s: 3.5360718052834272: n
i32.div_u: 6.909941075369716: n
i32.rem_s: 11.293075311928988: n
i32.rem_u: 5.948947532102466: n
i32.and_: 6.179515641182661: f
i32.or_: 4.885170221328735: f
i32.xor: 6.706282673403621: f
i32.shl: 5.664001943543553: f
i32.shr_s: 8.109685627743602: f
i32.shr_l: 7.160355404019356: f
