i32.clz: 3.6276390198618174: f
i32.ctz: 3.6933004576712847: f
i32.popcnt: 6.2467272114008665: f
i32.lt_s: 6.017519120126963: f
i32.le_s: 4.850567262619734: n
i32.gt_s: 7.645810132846236: f
i32.ge_s: 4.830183485522866: n
i32.lt_u: 4.304495044052601: f
i32.le_u: 4.693875094875693: n
i32.gt_u: 6.133568726480007: f
i32.ge_u: 4.667924992740154: n
i32.eq: 6.2369487304240465: n
i32.ne: 4.897002102807164: n
i32.add: 3.452192509546876: f
i32.sub: 4.262343943119049: f
i32.mul: 3.352176696062088: n
i32.div_s: 4.468915479257703: n
i32.div_u: 4.067062119022012: n
i32.rem_s: 4.478420693427324: n
i32.rem_u: 4.711196733638644: n
i32.and_: 4.423722878098488: f
i32.or_: 6.794674238190055: f
i32.xor: 4.302618730813265: f
i32.shl: 4.499536877498031: f
i32.shr_s: 3.625874826684594: f
i32.shr_l: 3.5568835958838463: f
