const0: 3.3205693047493696: f
const1: 2.5774362832307816: f
constn1: 2.8416633531451225: f
const12: 1.4322513416409492: f
