i32.clz: 3.338370203971863: f
i32.ctz: 3.3518729712814093: f
i32.popcnt: 4.151313289999962: f
