const0: 2.5450992919504642: f
const1: 2.9579224698245525: f
constn1: 2.5116759352385998: f
const12: 1.4023890495300293: f
