const20: 24.283187268301845: f
i32.eq: 144.86737895198166: f
i32.ne: 300.2516070269048: f
i32.le_s: 209.27915558032691: f
i32.le_u: 1602.019661495462: f
i32.ge_s: 122.44238588400185: f
i32.ge_u: 178.26878943294287: f
