i32.clz: 3.320847375318408: f
i32.ctz: 3.3474454693496227: f
i32.popcnt: 5.00310630351305: f
