i32.clz: 2.684928886592388: f
i32.ctz: 3.524150000885129: f
i32.popcnt: 6.176406612619758: f
