i32.clz: 2.7875439263880253: f
i32.ctz: 3.6764761470258236: f
i32.popcnt: 4.49409313686192: f
i32.lt_s: 5.099331457167864: f
i32.le_s: 4.90946489199996: n
i32.gt_s: 5.562824880704284: f
i32.ge_s: 4.827354520559311: n
i32.lt_u: 8.39445493556559: f
i32.le_u: 4.85899118706584: n
i32.gt_u: 3.5428193397819996: f
i32.ge_u: 4.80987168289721: n
i32.eq: 4.545158514752984: n
i32.ne: 3.9879885483533144: n
i32.add: 3.443004647269845: f
i32.sub: 4.2262013498693705: f
i32.mul: 3.3669750560075045: n
i32.div_s: 4.229665998369455: n
i32.div_u: 4.051623396575451: n
i32.rem_s: 4.516966829076409: n
i32.rem_u: 4.751052616164088: n
i32.and_: 4.2561378590762615: f
i32.or_: 4.494779895991087: f
i32.xor: 7.361488128080964: f
i32.shl: 4.5321049913764: f
i32.shr_s: 6.295724183320999: f
i32.shr_l: 3.5862171556800604: f
