i32.clz: 3.976272579282522: f
i32.ctz: 4.0202652886509895: f
i32.popcnt: 6.964658295735717: f
i32.lt_s: 12.323696415871382: f
i32.le_s: 8.238713743165135: n
i32.gt_s: 11.887285439297557: f
i32.ge_s: 13.70669417642057: n
i32.lt_u: 14.903656231239438: f
i32.le_u: 10.445013079792261: n
i32.gt_u: 7.246592793613672: f
i32.ge_u: 8.734070988371968: n
i32.eq: 8.914430856704712: n
i32.ne: 14.99633096344769: n
i32.add: 12.852325033396482: f
i32.sub: 7.016746494919062: f
i32.mul: 6.9084418322891: n
i32.div_s: 8.541180361062288: n
i32.div_u: 8.298895856365561: n
i32.rem_s: 8.294577676802874: n
i32.rem_u: 8.875232174992561: n
i32.and_: 11.51871413551271: f
i32.or_: 10.593143288046122: f
i32.xor: 15.293208576738834: f
i32.shl: 6.9797225166112185: f
i32.shr_s: 12.330211168155074: f
i32.shr_l: 11.174539534375072: f
