i32.clz: 2.526632860302925: f
i32.ctz: 3.336378052830696: f
i32.popcnt: 4.151163956150413: f
