const0: 2.6442577149719: f
const1: 2.8129910603165627: f
constn1: 2.5367681570351124: f
const12: 1.6681427285075188: f
