i32.clz: 4.0354494620114565: f
i32.ctz: 3.9013466387987137: f
i32.popcnt: 4.680673399940133: f
i32.lt_s: 7.199310518801212: f
i32.le_s: 4.976562112569809: n
i32.gt_s: 4.663349008187652: f
i32.ge_s: 4.052115421742201: n
i32.lt_u: 6.598200215026736: f
i32.le_u: 5.196640584617853: n
i32.gt_u: 5.985821850597858: f
i32.ge_u: 5.447713838890195: n
i32.eq: 4.392852509394288: n
i32.ne: 5.9829707853496075: n
i32.add: 3.479625005275011: f
i32.sub: 4.3404422122985125: f
i32.mul: 3.345874885097146: n
i32.div_s: 4.826757675036788: n
i32.div_u: 3.9934478141367435: n
i32.rem_s: 4.6124263275414705: n
i32.rem_u: 4.722984695807099: n
i32.and_: 4.512996818870306: f
i32.or_: 5.756463827565312: f
i32.xor: 5.065503153949976: f
i32.shl: 4.426899168640375: f
i32.shr_s: 4.455670507624745: f
i32.shr_l: 4.663200540468097: f
