i32.clz: 3.3472111895680428: f
i32.ctz: 3.3345040772110224: f
i32.popcnt: 4.085975835099816: f
