i32.clz: 4.338739205151796: f
i32.ctz: 4.209387039765716: f
i32.popcnt: 6.926761109381914: f
i32.lt_s: 10.318005971610546: f
i32.le_s: 9.132838921621442: n
i32.gt_s: 15.736165152862668: f
i32.ge_s: 10.957769451662898: n
i32.lt_u: 11.361019691452384: f
i32.le_u: 11.13067838922143: n
i32.gt_u: 10.571474827826023: f
i32.ge_u: 10.564978474751115: n
i32.eq: 10.640201291069388: n
i32.ne: 15.591142455115914: n
i32.add: 10.508670831099153: f
i32.sub: 7.189099304378033: f
i32.mul: 6.157311944290996: n
i32.div_s: 7.65207976847887: n
i32.div_u: 9.65806377120316: n
i32.rem_s: 8.515033418312669: n
i32.rem_u: 9.329392509534955: n
i32.and_: 11.677323300391436: f
i32.or_: 8.41301522962749: f
i32.xor: 8.871103385463357: f
i32.shl: 14.65289543196559: f
i32.shr_s: 11.679964639246464: f
i32.shr_l: 16.615868544206023: f
