i32.clz: 3.3736866209656: f
i32.ctz: 3.3966902773827314: f
i32.popcnt: 4.726247925311327: f
