i32.clz: 3.913513608276844: f
i32.ctz: 3.937988990917802: f
i32.popcnt: 6.362581346184015: f
i32.lt_s: 11.763588260859251: f
i32.le_s: 11.074398720636964: n
i32.gt_s: 16.63206641189754: f
i32.ge_s: 8.668240305036306: n
i32.lt_u: 18.692749431356788: f
i32.le_u: 8.821008753031492: n
i32.gt_u: 13.796936141327024: f
i32.ge_u: 10.443220380693674: n
i32.eq: 8.976923247799277: n
i32.ne: 14.02044421620667: n
i32.add: 6.624670810997486: f
i32.sub: 7.028923716396093: f
i32.mul: 6.084925379604101: n
i32.div_s: 8.403239391744137: n
i32.div_u: 7.9887799099087715: n
i32.rem_s: 8.507256286218762: n
i32.rem_u: 9.234285755082965: n
i32.and_: 14.495242189615965: f
i32.or_: 17.321370469406247: f
i32.xor: 8.2015460729599: f
i32.shl: 11.862575864419341: f
i32.shr_s: 12.047031642869115: f
i32.shr_l: 12.115692595019937: f
