i32.clz: 7.7158144768327475: f
i32.ctz: 7.185305500403047: f
i32.popcnt: 10.263558773323894: f
i32.lt_s: 15.982407093048096: f
i32.le_s: 9.758293336257339: n
i32.gt_s: 25.497390124946833: f
i32.ge_s: 9.497871570289135: n
i32.lt_u: 15.04973685927689: f
i32.le_u: 9.63413897715509: n
i32.gt_u: 15.158766496926546: f
i32.ge_u: 12.860893480479717: n
i32.eq: 13.373769732192159: n
i32.ne: 21.521170364692807: n
i32.add: 7.8470022566616535: f
i32.sub: 11.137299790978432: f
i32.mul: 14.102639893069863: n
i32.div_s: 6.795487159863114: n
i32.div_u: 12.2266816329211: n
i32.rem_s: 24.603329127654433: n
i32.rem_u: 13.586320707574487: n
i32.and_: 13.357590911909938: f
i32.or_: 13.96730724349618: f
i32.xor: 14.280015151947737: f
i32.shl: 8.522610552608967: f
i32.shr_s: 16.4566414617002: f
i32.shr_l: 12.209048815071583: f
