i32.clz: 10.030119676142931: f
i32.ctz: 8.860376797616482: f
i32.popcnt: 13.559452405199409: f
i32.lt_s: 36.54116043262184: f
i32.le_s: 30.575079398229718: n
i32.gt_s: 30.525255979970098: f
i32.ge_s: 17.565975299105048: n
i32.lt_u: 25.131657065823674: f
i32.le_u: 18.540849959477782: n
i32.gt_u: 37.44164901599288: f
i32.ge_u: 21.24085620045662: n
i32.eq: 28.698923490941525: n
i32.ne: 40.005225110799074: n
i32.add: 11.790535351261497: f
i32.sub: 19.580675072968006: f
i32.mul: 26.740078581497073: n
i32.div_s: 10.262207401916385: n
i32.div_u: 25.695532504469156: n
i32.rem_s: 58.03383047692478: n
i32.rem_u: 27.689728228375316: n
i32.and_: 24.54320373572409: f
i32.or_: 24.003199571743608: f
i32.xor: 25.257485223934054: f
i32.shl: 21.12831439077854: f
i32.shr_s: 17.50624307617545: f
i32.shr_l: 31.23124223202467: f
