i32.clz: 14.785946318879724: f
i32.ctz: 11.211983831599355: f
i32.popcnt: 7.55973519384861: f
i32.lt_s: 25.55793258175254: f
i32.le_s: 24.571101620793343: n
i32.gt_s: 26.11680139414966: f
i32.ge_s: 26.476094141602516: n
i32.lt_u: 36.7924280166626: f
i32.le_u: 16.03245920315385: n
i32.gt_u: 63.334566900506616: f
i32.ge_u: 17.878700317814946: n
i32.eq: 26.579489959403872: n
i32.ne: 26.20919681340456: n
i32.add: 20.985364386811852: f
i32.sub: 19.954366540536284: f
i32.mul: 27.277987733483315: n
i32.div_s: 9.422664424404502: n
i32.div_u: 21.759883480146527: n
i32.rem_s: 36.639291947707534: n
i32.rem_u: 26.74827885068953: n
i32.and_: 20.69389470666647: f
i32.or_: 26.506066236644983: f
i32.xor: 14.684994181618094: f
i32.shl: 19.936347641050816: f
i32.shr_s: 18.481940653175116: f
i32.shr_l: 25.83223296701908: f
