i32.clz: 8.814684737473726: f
i32.ctz: 7.586195921525359: f
i32.popcnt: 12.495604287832975: f
i32.lt_s: 54.56313838250935: f
i32.le_s: 10.437645493075252: n
i32.gt_s: 28.524225467815995: f
i32.ge_s: 15.857644556090236: n
i32.lt_u: 15.747575344517827: f
i32.le_u: 10.437941204756498: n
i32.gt_u: 15.567251309752464: f
i32.ge_u: 10.479838171973825: n
i32.eq: 14.111293056979775: n
i32.ne: 15.970240794122219: n
i32.add: 8.407357711344957: f
i32.sub: 12.116769721731544: f
i32.mul: 15.430836720392108: n
i32.div_s: 7.321458823978901: n
i32.div_u: 12.155100859701633: n
i32.rem_s: 22.37310173176229: n
i32.rem_u: 11.330470951274037: n
i32.and_: 13.89430602826178: f
i32.or_: 15.43659215606749: f
i32.xor: 17.69394299760461: f
i32.shl: 12.795883461833: f
i32.shr_s: 12.806574784219265: f
i32.shr_l: 21.489414716139436: f
