i32.clz: 8.105700004845858: f
i32.ctz: 8.15318832732737: f
i32.popcnt: 16.110234586521983: f
i32.lt_s: 18.637345412746072: f
i32.le_s: 16.351061087101698: n
i32.gt_s: 18.060086831450462: f
i32.ge_s: 19.75691843777895: n
i32.lt_u: 26.9175121858716: f
i32.le_u: 11.233608312904835: n
i32.gt_u: 22.556758077815175: f
i32.ge_u: 11.227521682158113: n
i32.eq: 12.568452456966043: n
i32.ne: 24.53148638084531: n
i32.add: 9.201793111860752: f
i32.sub: 19.213867869228125: f
i32.mul: 20.269195791333914: n
i32.div_s: 7.687409417703748: n
i32.div_u: 16.56725201755762: n
i32.rem_s: 28.65001342073083: n
i32.rem_u: 13.802897715941072: n
i32.and_: 12.953443009406328: f
i32.or_: 14.852573901414871: f
i32.xor: 13.828497610986233: f
i32.shl: 9.699706293642521: f
i32.shr_s: 19.3757167160511: f
i32.shr_l: 18.537419132888317: f
