i32.clz: 8.949609721079469: f
i32.ctz: 13.648162670433521: f
i32.popcnt: 13.541150925680995: f
i32.lt_s: 41.0188525673002: f
i32.le_s: 18.41632523201406: n
i32.gt_s: 28.253759426996112: f
i32.ge_s: 27.681910352781415: n
i32.lt_u: 35.94996970333159: f
i32.le_u: 23.723809892311692: n
i32.gt_u: 25.706762162968516: f
i32.ge_u: 24.56941012479365: n
i32.eq: 19.53317374922335: n
i32.ne: 41.66173733212054: n
i32.add: 23.02928581275046: f
i32.sub: 18.9776512067765: f
i32.mul: 36.97502570785582: n
i32.div_s: 10.982317965477705: n
i32.div_u: 21.123609606176615: n
i32.rem_s: 42.453135991469026: n
i32.rem_u: 23.27343255467713: n
i32.and_: 39.380740504711866: f
i32.or_: 28.07994564808905: f
i32.xor: 26.314056273549795: f
i32.shl: 16.55928074195981: f
i32.shr_s: 19.424189807847142: f
i32.shr_l: 30.03333700634539: f
