const20: 0.7071400117129087: n
i32.clz: 2.665963066741824: n
i32.ctz: 2.2626510001719: n
i32.popcnt: 3.96720589697361: n
i32.select: 0.49197689443826675: n
i32.lt_s: 10.852970100939274: f
i32.le_s: 4.831227181479335: n
i32.gt_s: 5.465445809066296: f
i32.ge_s: 5.400217333808541: n
i32.lt_u: 5.226255865767598: f
i32.le_u: 4.568564735352993: n
i32.gt_u: 3.1923656724393368: f
i32.ge_u: 4.983782317489386: n
i32.eq: 2.248156849294901: n
i32.ne: 5.025461427867413: n
i32.add: 2.4818021431565285: f
i32.sub: 3.2661558985710144: f
i32.mul: 3.094571530818939: f
i32.div_s: 1.7454493753612041: f
i32.div_u: 4.914007695391774: f
i32.rem_s: 4.453145872801542: f
i32.rem_u: 3.7257204316556454: f
i32.and_: 3.8347342386841774: f
i32.or_: 3.805155301466584: f
i32.xor: 5.551387829706073: f
i32.shl: 4.799951711669564: f
i32.shr_s: 9.047357104718685: f
i32.shr_u: 4.66663265787065: f
