i32.mul: 3.4792985282838345: f
i32.div_s: 5.981262722983956: f
i32.div_u: 4.525189829990268: f
i32.rem_s: 6.701084623113275: f
i32.rem_u: 4.872688800096512: f
