i32.mul: 3.318430809304118: f
i32.div_s: 4.238289762288332: f
i32.div_u: 4.65133455209434: f
i32.rem_s: 4.215333502739668: f
i32.rem_u: 3.5528961922973394: f
