i32.mul: 3.3417698703706264: f
i32.div_s: 3.1834746822714806: f
i32.div_u: 3.120945520699024: f
i32.rem_s: 4.301622277125716: f
i32.rem_u: 4.775301579385996: f
