i32.clz: 2.732220334932208: n
i32.ctz: 2.6127948481589556: n
i32.popcnt: 4.899549029767513: n
i32.lt_s: 4.986162820830941: f
i32.le_s: 7.056701866909862: n
i32.gt_s: 6.537606531754136: f
i32.ge_s: 6.8765242751687765: n
i32.lt_u: 6.7770060785114765: f
i32.le_u: 5.187942096963525: n
i32.gt_u: 3.3756392784416676: f
i32.ge_u: 4.3074418194592: n
i32.eq: 4.220616169273853: n
i32.ne: 5.195834558457136: n
i32.add: 3.699163192883134: f
i32.sub: 4.173527900129557: f
i32.mul: 3.062434395775199: f
i32.div_s: 1.761377401649952: f
i32.div_u: 6.167019862681627: f
i32.rem_s: 3.3171871174126863: f
i32.rem_u: 3.784809712320566: f
i32.and_: 5.704877182841301: f
i32.or_: 7.353651035577059: f
i32.xor: 4.260373936966062: f
i32.shl: 2.903445454314351: f
i32.shr_s: 3.1131540946662426: f
i32.shr_u: 3.6150815803557634: f
