i32.mul: 4.910265019163489: f
i32.div_s: 2.9701784905046225: f
i32.div_u: 3.224907521158457: f
i32.rem_s: 5.490621207281947: f
i32.rem_u: 4.226037276908755: f
