i32.clz: 2.472456341609359: n
i32.ctz: 2.656102569773793: n
i32.popcnt: 4.819844843819737: n
i32.lt_s: 7.0379329938441515: f
i32.le_s: 2.716909173876047: n
i32.gt_s: 4.758388411253691: f
i32.ge_s: 6.886047253385186: n
i32.lt_u: 5.591732556000352: f
i32.le_u: 6.189195226877928: n
i32.gt_u: 6.532865641638637: f
i32.ge_u: 4.770072819665074: n
i32.eq: 6.091479979455471: n
i32.ne: 5.099158463999629: n
i32.add: 3.5615700520575047: f
i32.sub: 7.376409757882357: f
i32.mul: 3.816846525296569: f
i32.div_s: 5.778238566592336: f
i32.div_u: 4.275713223963976: f
i32.rem_s: 4.65601434186101: f
i32.rem_u: 5.463943401351571: f
i32.and_: 3.273783318698406: f
i32.or_: 3.854924226179719: f
i32.xor: 5.295908693224192: f
i32.shl: 3.4744487665593624: f
i32.shr_s: 4.143604846671224: f
i32.shr_u: 5.179210038855672: f
