const0: 1.747125107795: f
const1: 2.504162872210145: f
constn1: 2.4895268976688385: f
const12: 1.1361353155225515: f
