i32.mul: 3.5030862763524055: f
i32.div_s: 5.933553367853165: f
i32.div_u: 3.073327910155058: f
i32.rem_s: 3.3897596430033445: f
i32.rem_u: 3.978918384760618: f
