i32.mul: 4.268588246777654: f
i32.div_s: 3.297741487622261: f
i32.div_u: 4.794435752555728: f
i32.rem_s: 4.637521577998996: f
i32.rem_u: 3.7814263831824064: f
