const0: 2.4952623769640923: f
const1: 2.538141470402479: f
constn1: 3.0594862569123507: f
const12: 1.1160304117947817: f
