i32.clz: 2.987931637093425: n
i32.ctz: 2.536882657557726: n
i32.popcnt: 3.5994765050709248: n
i32.select: 0.5015857368707657: n
i32.lt_s: 8.081746365875006: f
i32.gt_s: 9.786996712908149: f
i32.lt_u: 4.438178867101669: f
i32.gt_u: 8.84077993221581: f
i32.add: 4.0697996113449335: f
i32.sub: 3.4990270268172026: f
i32.mul: 3.1485318932682276: f
i32.div_s: 4.389519151300192: f
i32.div_u: 7.018790826201439: f
i32.rem_s: 6.1014885399490595: f
i32.rem_u: 6.053537603467703: f
i32.and_: 6.395779684185982: f
i32.or_: 3.8848055992275476: f
i32.xor: 3.7283458709716797: f
i32.shl: 3.698083259165287: f
i32.shr_s: 6.688170811161399: f
i32.shr_u: 4.38894909247756: f
