const0: 1.7370037976652384: f
const1: 3.085815666243434: f
constn1: 2.4661311265081167: f
const12: 1.1367485113441944: f
