i32.clz: 2.389389295130968: n
i32.ctz: 3.2283653989434242: n
i32.popcnt: 4.325754165649414: n
i32.select: 0.4975174143910408: n
i32.lt_s: 5.137814344838262: f
i32.gt_s: 6.260464247316122: f
i32.lt_u: 5.543651891872287: f
i32.gt_u: 5.573385775089264: f
i32.add: 2.6136327609419823: f
i32.sub: 2.8432964123785496: f
i32.mul: 3.133604984730482: f
i32.div_s: 4.5264378767460585: f
i32.div_u: 3.174869980663061: f
i32.rem_s: 5.449598314240575: f
i32.rem_u: 5.821228113025427: f
i32.and_: 4.604610150679946: f
i32.or_: 3.851924518123269: f
i32.xor: 5.3548193369060755: f
i32.shl: 5.185065351426601: f
i32.shr_s: 8.426597736775875: f
i32.shr_u: 4.77277690730989: f
