i32.clz: 4.133574390783906: n
i32.ctz: 2.6692136358469725: n
i32.popcnt: 4.1518763937056065: n
i32.select: 0.49128754436969757: n
i32.lt_s: 5.475454170256853: f
i32.gt_s: 7.189287479966879: f
i32.lt_u: 8.742604022845626: f
i32.gt_u: 8.121894365176558: f
i32.add: 2.6255802139639854: f
i32.sub: 3.322938760742545: f
i32.mul: 5.372652696445584: f
i32.div_s: 1.7340461630374193: f
i32.div_u: 3.2417664881795645: f
i32.rem_s: 4.262272411957383: f
i32.rem_u: 3.5651627518236637: f
i32.and_: 6.21961254440248: f
i32.or_: 3.485940234735608: f
i32.xor: 3.65072114020586: f
i32.shl: 5.150662204250693: f
i32.shr_s: 8.587818317115307: f
i32.shr_u: 2.8347167260944843: f
